{
  "accessors": [
    {
      "bufferView": 2,
      "componentType": 5126,
      "count": 2291,
      "max": [
        4.440159797668457,
        4.8801398277282715,
        4.311150074005127
      ],
      "min": [
        -4.5172200202941895,
        -4.9723401069641113,
        0
      ],
      "type": "VEC3"
    },
    {
      "bufferView": 2,
      "byteOffset": 27492,
      "componentType": 5126,
      "count": 2291,
      "max": [
        1,
        1,
        1
      ],
      "min": [
        -1,
        -1,
        -1
      ],
      "type": "VEC3"
    },
    {
      "bufferView": 3,
      "componentType": 5126,
      "count": 2291,
      "max": [
        1,
        1,
        1,
        1
      ],
      "min": [
        -1,
        -1,
        -1,
        -1
      ],
      "type": "VEC4"
    },
    {
      "bufferView": 1,
      "componentType": 5126,
      "count": 2291,
      "max": [
        0.99918997287750244,
        0.99906998872756958
      ],
      "min": [
        0.0015200000489130616,
        0.0014900000533089042
      ],
      "type": "VEC2"
    },
    {
      "bufferView": 0,
      "componentType": 5125,
      "count": 3822,
      "max": [
        2290
      ],
      "min": [
        0
      ],
      "type": "SCALAR"
    }
  ],
  "asset": {
    "extras": {
      "author": "3DHaupt (https://sketchfab.com/dennish2010)",
      "license": "CC-BY-NC-4.0 (http://creativecommons.org/licenses/by-nc/4.0/)",
      "source": "https://sketchfab.com/models/x8CkEHnQRAa3IlcNwe0yMOR7FKC",
      "title": "Barn"
    },
    "generator": "Sketchfab-3.28.5",
    "version": "2.0"
  },
  "bufferViews": [
    {
      "buffer": 0,
      "byteLength": 15288,
      "byteOffset": 0,
      "name": "floatBufferViews",
      "target": 34963
    },
    {
      "buffer": 0,
      "byteLength": 18328,
      "byteOffset": 15288,
      "byteStride": 8,
      "name": "floatBufferViews",
      "target": 34962
    },
    {
      "buffer": 0,
      "byteLength": 54984,
      "byteOffset": 33616,
      "byteStride": 12,
      "name": "floatBufferViews",
      "target": 34962
    },
    {
      "buffer": 0,
      "byteLength": 36656,
      "byteOffset": 88600,
      "byteStride": 16,
      "name": "floatBufferViews",
      "target": 34962
    }
  ],
  "buffers": [
    {
      "byteLength": 125256,
      "uri": "scene.bin"
    }
  ],
  "images": [
    {
      "uri": "textures/Barn_baseColor.jpeg"
    }
  ],
  "materials": [
    {
      "doubleSided": true,
      "emissiveFactor": [
        0,
        0,
        0
      ],
      "name": "Barn",
      "pbrMetallicRoughness": {
        "baseColorFactor": [
          1,
          1,
          1,
          1
        ],
        "baseColorTexture": {
          "index": 0,
          "texCoord": 0
        },
        "metallicFactor": 1,
        "roughnessFactor": 1
      }
    }
  ],
  "meshes": [
    {
      "name": "Barn_0",
      "primitives": [
        {
          "attributes": {
            "NORMAL": 1,
            "POSITION": 0,
            "TANGENT": 2,
            "TEXCOORD_0": 3
          },
          "indices": 4,
          "material": 0,
          "mode": 4
        }
      ]
    }
  ],
  "nodes": [
    {
      "children": [
        1
      ],
      "name": "RootNode (gltf orientation matrix)",
      "rotation": [
        -0.70710678118654746,
        -0,
        -0,
        0.70710678118654757
      ]
    },
    {
      "children": [
        2
      ],
      "name": "RootNode (model correction matrix)"
    },
    {
      "children": [
        3,
        5,
        7,
        9,
        11
      ],
      "name": "Root"
    },
    {
      "children": [
        4
      ],
      "matrix": [
        -1,
        -0,
        0,
        0,
        0,
        -1,
        0,
        0,
        0,
        0,
        1,
        0,
        0,
        0,
        0,
        1
      ],
      "name": "Barn"
    },
    {
      "mesh": 0,
      "name": "Barn_0"
    },
    {
      "children": [
        6
      ],
      "matrix": [
        0.94555999999999996,
        -0.069820000000000021,
        0.3178700000000001,
        0,
        -0.11254000000000002,
        0.84632000000000007,
        0.52065000000000006,
        0,
        -0.30537000000000009,
        -0.52807999999999999,
        0.79239000000000004,
        0,
        -1.60703,
        -6.6432600000000006,
        6.80762,
        1
      ],
      "name": "Hemi.003"
    },
    {
      "name": "Hemi.003"
    },
    {
      "children": [
        8
      ],
      "matrix": [
        0.97848999999999997,
        -0.071070000000000008,
        -0.19366000000000003,
        0,
        -0.17665,
        0.19618000000000002,
        -0.96453,
        0,
        0.10654000000000001,
        0.97799000000000003,
        0.17940000000000003,
        0,
        3.3853599999999999,
        12.832750000000001,
        4.0194900000000002,
        1
      ],
      "name": "Hemi.004"
    },
    {
      "name": "Hemi.004"
    },
    {
      "children": [
        10
      ],
      "matrix": [
        0.11208000000000001,
        -0.97465000000000002,
        -0.19366000000000003,
        0,
        0.15992000000000003,
        0.21004000000000003,
        -0.96453,
        0,
        0.98075000000000001,
        0.077140000000000014,
        0.17940000000000003,
        0,
        10.921480000000001,
        2.4525099999999997,
        4.0194900000000002,
        1
      ],
      "name": "Hemi.005"
    },
    {
      "name": "Hemi.005"
    },
    {
      "children": [
        12
      ],
      "matrix": [
        0.10719000000000002,
        -0.94206000000000001,
        0.3178700000000001,
        0,
        0.81064000000000014,
        0.26792000000000005,
        0.52065000000000006,
        0,
        -0.57564000000000015,
        0.20186999999999999,
        0.79239000000000004,
        0,
        -9.1431499999999986,
        3.73698,
        6.80762,
        1
      ],
      "name": "Hemi.006"
    },
    {
      "name": "Hemi.006"
    }
  ],
  "samplers": [
    {
      "magFilter": 9729,
      "minFilter": 9987,
      "wrapS": 10497,
      "wrapT": 10497
    }
  ],
  "scene": 0,
  "scenes": [
    {
      "name": "OSG_Scene",
      "nodes": [
        0
      ]
    }
  ],
  "textures": [
    {
      "sampler": 0,
      "source": 0
    }
  ]
}

